DAIAmount,WETHAmount,BlockNumber,AttackerProfitDAI,AttackerProfitWETH,Token0Reserve,Token1Reserve
0,1336450819446773386,300,0,0,37258888349816708073805,265372479549699838155597
0,1345394159046189737,306,661860783624404,0,37261526590410277348726,265353748904918701312381
0,20000000000000000,313,152207641567,0,37261566198404887542901,265353467704327793283708
167940966422083561880,0,317,0,0,38401649749335835706144,257500403613618756735080
125260490000000000000,0,321,0,-798133094197748742,39198314851762063138933,252283827163433111213443
0,130387161072430439,326,5557675347076,0,39198572497220613778739,252282174040970708738060
100000000000000000000,0,330,0,0,39807656717599060816159,248434658937285520588218
37855697352569363221,0,336,0,1839415592695171,40030886109385571930582,247053863436916557055654
17515054433031875035,0,341,0,-14822934817877958,40132936981315621285138,246427738889667653607556
0,191125000000000000,347,11127298373643,0,40133314192384902978107,246425429861684681613949
700855760113855333028,280784901216372097,353,294837225340969001,0,44099636779479207480459,224330093688909918876620
4714766600381869326336,0,360,0,-1028659695114543920345,62869085032456351228475,157538201941941069472817
5132060615638104670208,0,366,0,-655840332087587463530,70114332655217737404629,141356904623058413665176
4540413983949219333752,0,371,0,-406742403624481116941,73929207565510617314601,134133866239350563359275
380761711922225198381,0,377,0,1176079174204894965,74198348539707187465284,133653289768546401275532
0,1947662942387818096,383,127004618490962,0,74201647179035358226128,133647372484505806856389
8004422359372323002566,12407462872647557,387,7439989232,-1356892152815770,79264150017941827150267,125214279842928745858831
0,1775137058910633984,393,0,0,79266993197474877919899,125209808793142008327555
5120623443612968285551,0,397,0,-351254804070836196113,80281256096610972336063,123691429117148912650143
246031081002641236085,0,401,0,628645834099534061,80340880851763407872998,123602841590745709760871
0,1519033309653304114,406,50915484525055,0,80343280975921248392839,123599166132300033915910
0,2474377409423840537,414,135068765611113,0,80347190440791305877840,123593179797641622793261
0,400485269112619118,420,3537573778293,0,80347823170557831536540,123592210990628416832028
0,1274293455837208282,431,35812676846012,0,80349836414389359636702,123589128504796353976874
0,2059554709417710336,443,161657864152603,0,80353090146165140144491,123584147029931804795760
9999941591201841021,0,447,0,-1422567973519631,80355457074366669957268,123580637498372300885512
0,1941297292439256565,451,143597073102379,0,80358523757652199839873,123575943038081779802803
0,2260152382447156896,461,112568460068378,0,80362094036594752387701,123570478128295767666779
0,3539750750246865408,467,477280349012255,0,80367685232929110263670,123561920843365307641508
0,2550296077379329024,473,247705072344334,0,80371713281754757991904,123555756683673807536435
0,265289594886462782,477,1549514393089,0,80372132280141265643964,123555115522244015332931
10710002493378674168,0,482,0,1202053210433428,80374655636693757887377,123551376456782575287621
0,2774010833474579,486,169387297,0,80374660017794150823721,123551369753167765310253
40067169052940439195,0,495,0,16813301431157609,80384095416276782917089,123537390658473688054278
0,1362423593327853896,506,70653497126582,0,80386246850631098466275,123534099553157781101294
0,2047168137869202960,510,92166233699710,0,80389479511132608874469,123529154799266624708990
0,2411479476017958704,517,221295404609555,0,80393287223646500279358,123523330943449354234776
0,2299035380643219200,535,116178865675929,0,80396917263842350544617,123517779349744746179463
0,1001472283990706695,540,38157997711791,0,80398498448873526973392,123515361325368691075676
0,2505126044194324992,548,137887575733558,0,80402453618582314391828,123509313305464632484177
0,3273876935914851328,553,235424520265722,0,80407622232803490858172,123501410653327285439360
0,2573135947425621504,562,251787726851758,0,80411684217623859790241,123495200718541166930511
0,2747964793790047109,568,287119627064010,0,80416021948646632058163,123488569918683824131463
0,1124863590649221016,576,48105678566923,0,80417797499812429742522,123485855959061683449115
0,2503005134109835264,583,137458871089127,0,80421748310786909443392,123479817508341598540778
8267829659081639433073,0,588,0,-806740212876618418099,81029379902858817737983,122650349546181759076095
5642781260881306394123,0,593,0,299029427977050072553,82183680317555644719167,120994095600023000353849
5045073321543761657856,0,599,0,252139017921106637599,82853687570982897061786,120074274073098177592901
4941080984023126245376,0,605,0,247952730979181366710,83309763009544176803787,119473709795027734542049
5681623560291263231732,0,610,0,0,83700879040194245443197,118979565135920441828595
0,77468589191275985,614,102799404516,0,83700995868090543202362,118979399890745966674318
6870655782948012334249,0,622,0,471136450386123109449,84059520273119711408037,118547829753668133737049
5756773230007447191552,0,626,0,0,83534269615961305386918,119357999609453377546593
0,70026382610725642,633,167000468715,0,83534375574618884852577,119357848957470828270212
9963775498982388662272,0,639,0,917071463873066259592,84300488793184965675108,118379316462908811209806
6131455267556116398080,0,645,0,388029962301237337054,84413442186698760029153,118288678988937777070025
6562896888606734942208,0,649,0,441339027431615691233,84514934456222466720035,118218677768742787523735
11542771891948805462118,0,654,0,-1163827691761247441595,82524601247116632703109,121193304686659412023302
8744624334175683477504,0,659,0,0,83725822277775171400771,119550867864297598464259
8305167448777364078592,0,667,0,660722254894050746824,84299070972187052641752,118828277928774912441215
5727641761160697108448,0,674,0,339399274467973526157,84446562742140124311937,118684537458660792409686
6219255235825274421818,0,678,0,-386461615581629220066,83792945795352909774055,119679828212451080968573
5788044990544478038778,0,682,0,-352452743415581865899,83442699029516610176580,120247910033030330337686
11235428738619865802279,0,698,0,-1199530484971965189102,82253767594438970553883,122108562932560557558674
0,3466171129087918080,702,236386275323697,0,82259136516645326967041,122100630955355465343570
0,2771237192741919171,707,151043634929791,0,82263428705280144743100,122094290477308785549354
0,208209217784208639,716,852419586912,0,82263751169962745139911,122093814155082974626951
0,1969549564085030512,720,139332543209133,0,82266801443033597681512,122089308690239823652450
0,2706687108785811954,727,263108551022158,0,82270993120705969185493,122083117837584509736105
0,2236436854726798080,732,0,0,82274456417230948002482,122078003236213066067028
0,2861673746215143936,736,160873555671874,0,82278887716151449015191,122071459716394065233057
0,2445651717622171906,741,214714368471661,0,82282674507361491001147,122065868475394110296866
0,1879825726990569636,745,126839973323758,0,82285585047377020026209,122061571380074210399076
7047974932269796636779,0,752,0,-555825783468338487122,82374885818298250102798,122010570118674448329830
5724494524103199293440,0,758,0,-376372513860951300774,82542073652120838817708,121830346887417019548572
5757041379137825013760,0,764,0,320243056771541739663,83355649473970434311847,120707620771326165933477
